eU0EP    eU1EP    eUDEP    eP0EP    tpsEP    eU0NC    eU1NC    eUDNS    eP0NC    tpsNC    nNC eU0TS    eU1TS    eUDTS    eP0TS    tpsTS    eU0NS    eU1NS    eUDNS    eP0NS    tpsNS    nNS h
1.91e-08 5.45e-07 7.33e-07 7.33e-07 2.19e-03 2.98e-03 1.15e-01 5.53e-02 2.82e-02 1.11e-02   8 2.47e-04 3.77e-03 1.83e-03 1.32e-02 1.29e-02 1.20e-05 3.16e-04 3.84e-05 7.79e-03 1.92e-02   1 1.00e-01 
3.78e-09 2.02e-07 3.89e-07 3.89e-07 7.23e-03 7.66e-04 5.82e-02 2.86e-02 1.05e-02 1.05e-01   8 8.62e-05 1.46e-03 7.22e-04 3.83e-03 1.13e-01 2.32e-06 7.41e-05 7.51e-06 1.86e-03 1.57e-01   1 5.00e-02 
6.43e-10 1.62e-07 2.62e-07 2.62e-07 3.26e-02 1.91e-04 2.93e-02 1.41e-02 3.28e-03 2.37e+00   8 2.32e-05 4.63e-04 2.26e-04 1.18e-03 2.40e+00 3.78e-07 2.02e-05 2.00e-06 5.41e-04 2.63e+00   1 2.50e-02 
1.64e-10 8.55e-08 1.65e-07 1.65e-07 2.05e-01 4.83e-05 1.47e-02 7.26e-03 1.05e-03 1.05e+01   8 6.34e-06 1.48e-04 7.27e-05 3.68e-04 1.07e+01 5.52e-08 5.73e-06 5.81e-07 1.54e-04 1.20e+01   1 1.25e-02 
4.77e-11 4.60e-08 1.12e-07 1.12e-07 1.21e+00 1.22e-05 7.41e-03 4.07e-03 3.38e-04 1.58e+02   8 1.64e-06 4.63e-05 2.44e-05 1.10e-04 1.59e+02 7.51e-09 1.53e-06 1.70e-07 3.97e-05 1.66e+02   1 6.25e-03 
2.34e+00 1.43e+00 9.15e-01 9.15e-01          1.96e+00 9.78e-01 9.51e-01 1.43e+00              1.52e+00 1.37e+00 1.34e+00 1.79e+00          2.37e+00 2.09e+00 2.36e+00 2.07e+00 
2.55e+00 3.16e-01 5.70e-01 5.70e-01          2.00e+00 9.91e-01 1.02e+00 1.67e+00              1.90e+00 1.66e+00 1.68e+00 1.70e+00          2.62e+00 1.88e+00 1.91e+00 1.78e+00 
1.97e+00 9.26e-01 6.66e-01 6.66e-01          1.99e+00 9.92e-01 9.60e-01 1.64e+00              1.87e+00 1.64e+00 1.63e+00 1.68e+00          2.78e+00 1.82e+00 1.78e+00 1.81e+00 
1.79e+00 8.95e-01 5.63e-01 5.63e-01          1.98e+00 9.89e-01 8.35e-01 1.64e+00              1.95e+00 1.68e+00 1.58e+00 1.75e+00          2.88e+00 1.91e+00 1.77e+00 1.96e+00 
2.16e+00 8.92e-01 6.78e-01 6.78e-01          1.98e+00 9.88e-01 9.41e-01 1.60e+00              1.81e+00 1.59e+00 1.56e+00 1.73e+00          2.66e+00 1.92e+00 1.96e+00 1.90e+00 
