eU0EP    eU1EP    eUDEP    eP0EP    tpsEP    eU0NC    eU1NC    eUDNC    eP0NC    tpsNC    nNC eU0TS    eU1TS    eUDTS    eP0TS    tpsTS    eU0NS    eU1NS    eUDNS    eP0NS    tpsNS    nNS h
5.63e-18 6.65e-17 6.30e-17 6.30e-17 9.86e-04 3.27e-03 1.00e-01 4.71e-02 3.80e-02 4.31e-03  28 4.74e-04 5.14e-03 2.49e-03 1.71e-02 5.03e-03 1.28e-05 3.08e-04 4.42e-05 1.04e-02 7.39e-03   8 1.00e-01 
3.50e-18 6.78e-17 5.96e-17 5.96e-17 3.12e-03 7.96e-04 4.93e-02 2.41e-02 1.19e-02 2.35e-02  32 1.22e-04 1.61e-03 7.95e-04 5.07e-03 2.64e-02 3.55e-06 9.56e-05 1.17e-05 2.92e-03 4.52e-02   8 5.00e-02 
4.02e-18 7.90e-17 6.51e-17 6.51e-17 1.47e-02 1.85e-04 2.38e-02 1.14e-02 3.53e-03 2.73e-01  32 2.91e-05 4.76e-04 2.42e-04 1.44e-03 2.88e-01 3.36e-07 2.71e-05 2.61e-06 9.00e-04 3.86e-01   8 2.50e-02 
2.61e-18 7.98e-17 6.28e-17 6.28e-17 7.13e-02 4.75e-05 1.21e-02 5.91e-03 1.35e-03 2.89e+00  33 7.93e-06 1.81e-04 9.54e-05 4.99e-04 2.96e+00 6.23e-08 9.95e-06 1.15e-06 2.37e-04 3.43e+00   8 1.25e-02 
5.17e-18 8.96e-17 6.90e-17 6.90e-17 4.44e-01 1.18e-05 6.02e-03 3.15e-03 5.15e-04 4.91e+01  35 2.03e-06 6.54e-05 3.91e-05 1.64e-04 4.96e+01 1.15e-08 2.89e-06 3.33e-07 7.46e-05 5.23e+01   8 6.25e-03 
6.85e-01 -2.77e-02 8.04e-02 8.04e-02          2.04e+00 1.02e+00 9.69e-01 1.68e+00              1.96e+00 1.68e+00 1.65e+00 1.75e+00          1.85e+00 1.69e+00 1.92e+00 1.84e+00 
-1.99e-01 -2.21e-01 -1.26e-01 -1.26e-01          2.10e+00 1.05e+00 1.07e+00 1.75e+00              2.06e+00 1.75e+00 1.71e+00 1.82e+00          3.40e+00 1.82e+00 2.16e+00 1.70e+00 
6.21e-01 -1.39e-02 5.01e-02 5.01e-02          1.96e+00 9.82e-01 9.55e-01 1.39e+00              1.88e+00 1.40e+00 1.35e+00 1.53e+00          2.43e+00 1.44e+00 1.18e+00 1.92e+00 
-9.84e-01 -1.67e-01 -1.35e-01 -1.35e-01          2.01e+00 1.00e+00 9.08e-01 1.39e+00              1.97e+00 1.47e+00 1.28e+00 1.61e+00          2.44e+00 1.78e+00 1.78e+00 1.67e+00 
3.05e-02 -1.07e-01 -3.26e-02 -3.26e-02          2.03e+00 1.01e+00 9.76e-01 1.55e+00              1.97e+00 1.57e+00 1.50e+00 1.68e+00          2.53e+00 1.68e+00 1.76e+00 1.78e+00 
