eU0RT    eU1RT    eUDRT    eP0RT    tpsRT    nRT eU0TS    eU1TS    eUDTS    eP0TS    tpsTS    eU0NS    eU1NS    eUDNS    eP0NS    tpsNS    nNS h
3.61e-08 2.51e-06 7.85e-05 1.08e-06 1.09e-02  29 9.67e-09 3.49e-07 6.32e-07 1.02e-06 1.26e-02 3.40e-08 7.73e-07 5.03e-07 4.16e-06 1.87e-02   8 1.00e-01 
1.17e-08 1.71e-06 1.51e-04 3.85e-07 2.79e-01  32 2.27e-09 1.49e-07 3.96e-07 3.02e-07 2.87e-01 8.44e-09 4.62e-07 3.19e-07 2.54e-06 3.30e-01   8 5.00e-02 
3.68e-09 1.09e-06 3.00e-04 2.39e-07 7.23e-01  32 5.28e-10 1.54e-07 2.70e-07 2.09e-07 7.58e-01 2.37e-09 3.72e-07 2.19e-07 1.76e-06 9.73e-01   8 2.50e-02 
1.27e-09 8.40e-07 5.93e-04 1.61e-07 1.06e+01  33 1.38e-10 8.39e-08 1.78e-07 1.07e-07 1.08e+01 6.20e-10 2.14e-07 1.39e-07 1.10e-06 1.21e+01   8 1.25e-02 
4.69e-10 6.81e-07 1.19e-03 1.22e-07 1.55e+02  33 3.88e-11 4.29e-08 1.24e-07 7.64e-08 1.56e+02 1.68e-10 1.37e-07 9.22e-08 7.36e-07 1.63e+02   8 6.25e-03 
1.63e+00 5.52e-01 -9.48e-01 1.48e+00          2.09e+00 1.23e+00 6.74e-01 1.75e+00              2.01e+00 7.44e-01 6.58e-01 7.10e-01           
1.66e+00 6.53e-01 -9.85e-01 6.87e-01          2.11e+00 -4.43e-02 5.52e-01 5.32e-01              1.83e+00 3.12e-01 5.43e-01 5.33e-01           
1.53e+00 3.71e-01 -9.83e-01 5.68e-01          1.93e+00 8.76e-01 6.06e-01 9.73e-01              1.94e+00 8.00e-01 6.58e-01 6.74e-01           
1.44e+00 3.03e-01 -1.01e+00 4.04e-01          1.83e+00 9.67e-01 5.22e-01 4.79e-01              1.88e+00 6.36e-01 5.90e-01 5.81e-01           
1.57e+00 4.70e-01 -9.82e-01 7.85e-01          1.99e+00 7.56e-01 5.88e-01 9.33e-01              1.91e+00 6.23e-01 6.12e-01 6.25e-01           
