eU0EP    eU1EP    eUDEP    eP0EP    tpsEP    eU0NC    eU1NC    eUDNC    eP0NC    tpsNC    nNC eU0TS    eU1TS    eUDTS    eP0TS    tpsTS    eU0NS    eU1NS    eUDNS    eP0NS    tpsNS    nNS h
4.65e-08 9.11e-07 1.64e-06 1.64e-06 1.07e-03 6.03e-03 1.93e-01 1.01e-01 2.96e-02 4.25e-03  26 1.71e-04 3.65e-03 2.17e-03 1.17e-02 5.05e-03 9.21e-06 2.05e-04 2.95e-05 7.43e-03 7.49e-03   8 1.00e-01 
8.40e-09 3.50e-07 7.35e-07 7.35e-07 3.23e-03 1.39e-03 9.21e-02 4.56e-02 8.30e-03 2.40e-02  31 3.12e-05 1.01e-03 6.42e-04 2.70e-03 2.69e-02 2.39e-06 6.84e-05 6.66e-06 1.48e-03 4.51e-02   8 5.00e-02 
1.78e-09 1.78e-07 3.35e-07 3.35e-07 1.46e-02 3.27e-04 4.47e-02 2.22e-02 3.19e-03 2.76e-01  31 4.33e-06 3.85e-04 2.54e-04 8.90e-04 2.93e-01 2.58e-07 1.59e-05 2.04e-06 3.25e-04 3.87e-01   8 2.50e-02 
4.46e-10 8.59e-08 1.66e-07 1.66e-07 7.33e-02 8.28e-05 2.25e-02 1.11e-02 1.56e-03 4.18e+00  33 8.55e-07 1.86e-04 1.25e-04 4.10e-04 4.26e+00 5.61e-08 7.50e-06 9.69e-07 1.19e-04 4.85e+00   8 1.25e-02 
1.13e-10 4.28e-08 8.46e-08 8.46e-08 4.97e-01 2.06e-05 1.12e-02 5.67e-03 7.82e-04 4.70e+01  34 1.82e-07 9.26e-05 6.32e-05 2.02e-04 4.76e+01 1.32e-08 3.44e-06 4.58e-07 5.98e-05 5.06e+01   8 6.25e-03 
2.47e+00 1.38e+00 1.15e+00 1.15e+00          2.12e+00 1.07e+00 1.14e+00 1.83e+00              2.46e+00 1.85e+00 1.76e+00 2.12e+00          1.95e+00 1.58e+00 2.15e+00 2.33e+00 
2.24e+00 9.78e-01 1.13e+00 1.13e+00          2.08e+00 1.04e+00 1.04e+00 1.38e+00              2.85e+00 1.39e+00 1.34e+00 1.60e+00          3.21e+00 2.10e+00 1.70e+00 2.18e+00 
2.00e+00 1.05e+00 1.01e+00 1.01e+00          1.98e+00 9.90e-01 9.92e-01 1.04e+00              2.34e+00 1.05e+00 1.02e+00 1.12e+00          2.20e+00 1.08e+00 1.08e+00 1.46e+00 
1.98e+00 1.01e+00 9.77e-01 9.77e-01          2.01e+00 1.00e+00 9.75e-01 9.93e-01              2.23e+00 1.01e+00 9.84e-01 1.02e+00          2.09e+00 1.12e+00 1.08e+00 9.88e-01 
2.17e+00 1.10e+00 1.07e+00 1.07e+00          2.05e+00 1.03e+00 1.04e+00 1.31e+00              2.47e+00 1.33e+00 1.28e+00 1.47e+00          2.36e+00 1.47e+00 1.50e+00 1.74e+00 
