eU0RT    eU1RT    eUDRT    eP0RT    tpsRT    nRT eU0TS    eU1TS    eUDTS    eP0TS    tpsTS    eU0NS    eU1NS    eUDNS    eP0NS    tpsNS    nNS h
5.16e-15 6.26e-14 3.52e-05 6.68e-14 3.84e-03  28 3.04e-15 2.93e-14 2.21e-14 4.75e-14 4.58e-03 2.33e-16 4.09e-15 1.54e-15 2.10e-14 6.65e-03   8 1.00e-01 
2.39e-14 2.26e-13 7.44e-05 3.46e-13 2.44e-02  32 1.80e-14 1.44e-13 8.63e-14 2.66e-13 2.74e-02 3.03e-15 2.55e-14 1.23e-14 7.91e-14 4.58e-02   8 5.00e-02 
3.32e-15 1.44e-13 1.51e-04 1.61e-13 3.80e-01  32 2.13e-15 7.22e-14 5.32e-14 1.12e-13 3.94e-01 1.92e-16 8.31e-15 3.59e-15 4.23e-14 4.88e-01   8 2.50e-02 
1.22e-14 2.03e-13 3.01e-04 3.18e-13 2.61e+00  33 9.76e-15 1.28e-13 7.51e-14 2.51e-13 2.69e+00 2.27e-15 2.70e-14 1.24e-14 7.88e-14 3.15e+00   8 1.25e-02 
4.91e-15 1.59e-13 6.06e-04 1.85e-13 4.54e+01  35 3.63e-15 8.16e-14 5.75e-14 1.33e-13 4.58e+01 4.91e-16 1.08e-14 4.93e-15 4.50e-14 4.85e+01   8 6.25e-03 
-2.21e+00 -1.85e+00 -1.08e+00 -2.37e+00          -2.56e+00 -2.30e+00 -1.97e+00 -2.49e+00              -3.70e+00 -2.64e+00 -3.00e+00 -1.91e+00           
2.85e+00 6.53e-01 -1.03e+00 1.10e+00          3.07e+00 9.95e-01 6.99e-01 1.24e+00              3.98e+00 1.62e+00 1.78e+00 9.02e-01           
-1.88e+00 -4.99e-01 -9.93e-01 -9.85e-01          -2.19e+00 -8.30e-01 -4.98e-01 -1.16e+00              -3.57e+00 -1.70e+00 -1.79e+00 -8.96e-01           
1.31e+00 3.59e-01 -1.01e+00 7.84e-01          1.43e+00 6.53e-01 3.85e-01 9.18e-01              2.21e+00 1.32e+00 1.33e+00 8.08e-01           
1.80e-02 -3.35e-01 -1.03e+00 -3.67e-01          -6.37e-02 -3.70e-01 -3.45e-01 -3.70e-01              -2.70e-01 -3.51e-01 -4.19e-01 -2.75e-01           
