eU0RT    eU1RT    eUDRT    eP0RT    tpsRT    nRT eU0TS    eU1TS    eUDTS    eP0TS    tpsTS    eU0NS    eU1NS    eUDNS    eP0NS    tpsNS    nNS h
9.36e-08 3.86e-06 3.39e-05 1.09e-06 3.73e-03  26 3.42e-08 9.96e-07 1.66e-06 1.21e-06 4.44e-03 1.68e-07 2.05e-06 1.37e-06 1.11e-05 6.41e-03   8 1.00e-01 
2.08e-08 1.72e-06 7.06e-05 4.28e-07 2.38e-02  31 6.90e-09 3.80e-07 7.55e-07 4.39e-07 2.69e-02 3.68e-08 8.10e-07 6.48e-07 5.15e-06 4.62e-02   8 5.00e-02 
5.32e-09 8.90e-07 1.37e-04 1.96e-07 5.18e-01  29 1.60e-09 1.91e-07 3.44e-07 2.01e-07 5.34e-01 7.45e-09 3.81e-07 2.96e-07 2.35e-06 6.30e-01   8 2.50e-02 
1.32e-09 4.43e-07 2.76e-04 9.79e-08 3.55e+00  33 3.95e-10 9.17e-08 1.71e-07 9.57e-08 3.65e+00 1.87e-09 1.87e-07 1.47e-07 1.16e-06 4.20e+00   8 1.25e-02 
3.32e-10 2.22e-07 5.53e-04 4.91e-08 4.92e+01  34 9.88e-11 4.54e-08 8.69e-08 4.89e-08 4.97e+01 4.80e-10 9.57e-08 7.42e-08 5.89e-07 5.26e+01   8 6.25e-03 
2.17e+00 1.17e+00 -1.06e+00 1.35e+00          2.31e+00 1.39e+00 1.14e+00 1.47e+00              2.19e+00 1.34e+00 1.08e+00 1.11e+00           
1.97e+00 9.49e-01 -9.59e-01 1.13e+00          2.11e+00 9.92e-01 1.13e+00 1.12e+00              2.31e+00 1.09e+00 1.13e+00 1.14e+00           
2.01e+00 1.01e+00 -1.01e+00 1.00e+00          2.02e+00 1.06e+00 1.01e+00 1.07e+00              1.99e+00 1.03e+00 1.01e+00 1.01e+00           
2.00e+00 9.92e-01 -1.00e+00 9.96e-01          2.00e+00 1.01e+00 9.78e-01 9.69e-01              1.96e+00 9.66e-01 9.82e-01 9.78e-01           
2.04e+00 1.03e+00 -1.01e+00 1.12e+00          2.11e+00 1.11e+00 1.06e+00 1.16e+00              2.11e+00 1.11e+00 1.05e+00 1.06e+00           
